Version	2	Start	1459535196.169
Time	Valor
V	183	Total Distance0
0.779	37959
1.444	37960
1.624	37960
2.254	37961
2.790	37961
3.030	37962
3.392	37962
3.840	37963
4.684	37964
5.133	37965
5.766	37965
6.270	37966
6.779	37966
7.051	37967
7.409	37967
7.590	37968
8.400	37968
8.494	37969
9.305	37969
9.629	37970
9.781	37970
10.324	37971
10.592	37972
11.341	37972
11.612	37973
12.333	37973
12.542	37974
13.320	37974
13.799	37975
36.599	37975
37.019	37976
51.694	37976
52.185	37977
52.445	37977
53.222	37978
53.676	37979
53.732	37979
53.933	37980
54.547	37981
54.809	37982
55.141	37982
55.471	37983
55.653	37983
55.983	37984
56.152	37984
56.555	37985
56.826	37986
57.300	37987
57.572	37987
57.732	37988
57.926	37988
58.206	37989
58.442	37990
58.533	37990
59.240	37992
59.885	37994
60.061	37995
60.247	37995
60.603	37996
61.049	37998
61.713	37999
62.675	38002
63.070	38002
63.183	38003
63.844	38004
64.261	38005
64.591	38005
64.817	38006
65.118	38007
65.284	38007
65.670	38008
65.791	38008
66.120	38009
66.513	38010
66.813	38011
66.996	38012
67.291	38013
67.414	38013
67.651	38014
67.951	38015
68.285	38016
68.823	38018
69.151	38019
69.303	38019
69.661	38020
69.906	38021
70.071	38022
70.173	38022
70.382	38023
70.564	38024
70.891	38025
71.403	38027
71.704	38027
71.940	38028
72.127	38029
72.993	38032
73.232	38033
73.443	38033
74.107	38036
74.224	38036
74.644	38037
74.887	38038
75.545	38041
75.781	38042
76.055	38043
76.235	38043
76.470	38044
76.742	38045
76.891	38046
77.042	38046
77.257	38047
78.304	38051
78.456	38051
78.604	38052
78.752	38052
79.231	38054
79.448	38054
79.805	38056
80.014	38056
80.282	38057
80.435	38057
80.850	38058
80.973	38059
81.255	38059
81.901	38061
82.062	38062
82.412	38063
82.778	38064
82.983	38065
83.133	38066
83.468	38067
83.551	38067
83.702	38068
84.214	38070
84.392	38070
84.696	38072
84.846	38072
85.025	38073
85.296	38074
85.954	38077
86.074	38077
86.716	38080
87.063	38081
87.512	38083
87.631	38083
87.934	38085
88.147	38086
88.321	38086
88.684	38088
88.932	38089
89.072	38089
89.582	38091
89.896	38093
90.259	38094
90.634	38096
91.239	38099
91.422	38099
91.624	38100
91.879	38101
92.253	38103
92.403	38104
92.642	38105
93.137	38107
93.231	38108
93.393	38108
93.631	38109
93.847	38110
94.411	38113
94.564	38114
95.402	38117
95.851	38119
96.270	38121
96.394	38121
96.545	38122
96.720	38123
96.878	38124
97.085	38124
97.327	38125
97.537	38126
98.011	38128
98.073	38129
98.221	38129
98.524	38130
98.701	38131
99.094	38133
99.182	38133
99.335	38134
99.515	38134
99.671	38135
100.774	38139
101.201	38140
101.988	38143
102.775	38145
103.804	38148
104.063	38150
104.303	38152
104.644	38154
104.822	38155
105.251	38156
105.306	38157
105.467	38157
105.993	38158
106.082	38160
106.240	38160
106.630	38162
106.843	38163
107.256	38165
107.373	38165
107.704	38167
107.856	38167
108.063	38168
108.273	38169
108.782	38171
109.027	38172
109.171	38173
110.077	38177
110.555	38179
110.734	38179
110.959	38180
111.422	38182
111.511	38183
111.877	38184
112.147	38186
112.265	38186
112.746	38189
112.932	38189
113.183	38191
113.533	38192
113.872	38194
114.124	38195
114.393	38196
114.513	38197
114.756	38198
114.879	38199
115.085	38200
115.515	38202
116.094	38205
116.406	38206
116.732	38207
117.127	38209
117.307	38210
117.514	38211
117.776	38212
118.142	38214
118.741	38216
118.966	38217
119.084	38218
119.704	38220
119.943	38221
120.065	38222
120.217	38223
120.513	38224
120.845	38225
121.158	38227
121.422	38228
121.652	38229
122.077	38231
122.584	38233
122.793	38234
122.975	38235
123.155	38236
123.812	38239
124.472	38242
124.899	38244
125.042	38244
125.222	38245
125.675	38247
126.093	38249
126.783	38253
126.994	38254
127.881	38257
128.764	38261
129.127	38263
129.671	38265
129.843	38266
130.025	38267
130.176	38267
130.596	38269
131.050	38271
131.282	38272
131.431	38273
131.529	38273
131.648	38274
132.606	38278
132.781	38278
132.843	38279
132.991	38279
133.174	38280
133.295	38281
133.475	38281
133.870	38283
134.077	38284
134.492	38286
134.618	38286
134.795	38287
135.785	38292
136.237	38294
136.573	38295
136.659	38296
137.168	38298
137.405	38300
137.896	38302
138.032	38303
138.812	38306
138.845	38306
139.115	38308
139.324	38308
139.565	38310
139.803	38311
139.992	38311
140.075	38312
140.195	38312
140.492	38314
140.674	38314
140.926	38315
141.155	38316
141.917	38320
142.115	38320
142.456	38322
143.046	38324
143.526	38327
143.675	38327
143.796	38328
143.927	38328
144.251	38329
144.694	38332
145.686	38336
145.926	38337
146.102	38338
146.390	38339
146.496	38340
146.797	38341
147.334	38344
147.695	38345
148.293	38348
148.901	38351
149.096	38351
149.937	38354
150.127	38356
150.304	38357
150.489	38358
150.704	38359
151.175	38361
151.416	38362
151.486	38362
151.724	38363
152.261	38365
152.773	38367
153.485	38370
153.754	38372
153.994	38373
154.145	38373
154.270	38374
155.001	38377
155.193	38378
155.372	38379
155.945	38382
156.035	38382
156.192	38383
156.637	38385
156.904	38386
157.325	38388
157.544	38389
157.955	38391
158.163	38392
158.346	38393
158.552	38394
158.768	38395
158.975	38396
159.334	38398
159.972	38401
160.238	38402
160.776	38405
161.527	38408
161.736	38409
162.095	38410
162.395	38412
162.605	38412
163.353	38416
163.504	38416
163.656	38417
163.775	38418
164.014	38419
164.794	38422
164.927	38423
165.337	38424
165.924	38427
166.155	38428
166.385	38429
166.533	38430
166.694	38431
166.992	38432
167.113	38432
167.320	38433
167.463	38434
167.826	38436
168.095	38437
168.274	38438
168.367	38438
168.515	38439
168.998	38441
169.120	38442
169.417	38443
169.657	38444
169.953	38446
170.288	38447
170.526	38448
170.763	38449
170.977	38450
171.156	38451
171.275	38451
171.696	38453
171.816	38454
172.609	38457
173.052	38459
173.436	38461
173.607	38462
173.765	38463
174.102	38464
174.448	38466
174.676	38467
175.447	38471
175.653	38472
175.895	38473
176.380	38476
176.735	38477
178.234	38484
178.654	38486
179.752	38490
180.044	38491
180.334	38493
180.456	38494
181.514	38498
181.660	38499
181.920	38500
182.299	38502
182.522	38503
183.666	38507
184.338	38509
184.689	38511
184.953	38512
185.221	38513
185.467	38514
185.969	38516
186.130	38516
187.834	38523
188.204	38524
188.377	38525
188.552	38526
189.003	38527
189.340	38529
189.511	38529
189.781	38530
189.992	38531
190.331	38532
190.653	38534
190.889	38535
191.488	38537
191.645	38538
191.794	38538
192.452	38541
192.629	38541
192.788	38542
193.476	38545
194.344	38548
194.552	38549
194.821	38550
195.244	38552
195.342	38552
195.492	38553
196.552	38556
196.807	38557
197.435	38560
197.643	38561
197.736	38561
198.214	38563
198.516	38564
198.755	38565
198.999	38566
199.299	38567
199.871	38569
200.101	38570
200.583	38572
200.761	38573
201.920	38576
202.112	38577
202.215	38578
202.549	38578
202.759	38579
202.840	38580
202.987	38580
203.114	38581
203.204	38582
203.347	38583
203.578	38583
204.208	38586
204.366	38587
204.635	38588
204.911	38589
205.210	38590
205.569	38591
205.715	38592
205.929	38592
206.251	38594
206.643	38595
206.793	38596
206.974	38596
207.183	38597
207.785	38599
207.993	38600
208.204	38601
208.535	38602
208.749	38603
208.953	38604
209.050	38604
209.285	38605
209.491	38606
209.644	38607
209.959	38608
210.244	38609
210.383	38609
210.635	38610
211.122	38612
211.378	38613
211.776	38614
211.870	38615
212.703	38618
213.045	38618
213.394	38620
213.545	38621
213.813	38621
214.027	38622
214.384	38623
214.535	38624
214.684	38625
215.405	38627
216.876	38634
216.968	38634
217.143	38635
217.297	38636
217.532	38637
217.805	38638
217.930	38638
218.466	38641
218.742	38642
219.013	38643
219.455	38645
219.604	38646
219.877	38647
219.964	38648
220.508	38650
220.717	38651
221.314	38654
221.465	38654
221.644	38655
221.822	38656
222.544	38660
222.838	38661
222.916	38661
223.208	38662
223.469	38664
224.169	38667
224.434	38668
224.504	38669
224.728	38670
224.926	38671
224.956	38671
225.188	38673
225.879	38674
226.078	38677
226.406	38678
226.573	38679
226.976	38680
227.140	38682
227.332	38682
227.793	38685
228.442	38687
228.913	38690
229.296	38691
229.476	38692
229.840	38694
230.135	38695
230.347	38696
230.468	38697
230.643	38697
230.825	38698
230.957	38698
231.635	38702
231.970	38703
232.054	38704
232.207	38705
232.355	38705
232.536	38706
233.519	38710
233.675	38711
234.004	38713
234.119	38713
234.304	38714
234.515	38715
234.723	38716
234.908	38717
235.175	38719
235.358	38719
235.844	38722
236.017	38723
236.432	38724
236.676	38725
236.855	38726
237.913	38731
238.622	38734
239.935	38739
240.454	38742
240.636	38742
241.109	38744
242.061	38749
242.259	38750
242.438	38751
242.599	38752
242.893	38753
243.098	38754
243.517	38756
243.791	38757
243.944	38758
244.161	38759
244.329	38760
244.534	38761
245.217	38764
245.612	38766
245.770	38766
245.964	38767
246.067	38768
246.400	38769
246.513	38770
246.695	38771
247.024	38772
247.387	38774
247.594	38775
247.866	38776
247.964	38777
248.827	38781
249.032	38782
249.306	38783
249.485	38784
249.635	38784
250.106	38787
250.324	38787
250.567	38789
251.199	38792
251.347	38792
251.977	38795
252.333	38797
252.927	38800
253.055	38800
253.264	38801
253.599	38803
253.806	38804
254.257	38806
254.315	38807
254.526	38808
254.827	38809
254.974	38810
255.183	38811
255.919	38814
256.355	38817
256.484	38817
256.538	38818
256.745	38818
256.954	38819
257.004	38820
257.288	38821
257.855	38823
258.185	38825
258.453	38826
258.633	38827
259.604	38831
260.293	38834
260.526	38835
260.736	38836
261.797	38840
261.921	38841
262.067	38842
262.682	38844
262.785	38845
263.052	38846
263.270	38847
263.373	38848
263.525	38848
263.676	38849
264.038	38850
264.694	38853
264.845	38854
265.027	38854
265.207	38855
266.057	38858
266.284	38859
266.526	38861
266.892	38862
267.424	38864
267.937	38867
268.207	38868
268.597	38869
268.775	38870
269.172	38872
269.374	38872
269.556	38873
269.973	38875
270.216	38876
270.508	38877
270.523	38877
270.697	38878
271.357	38880
271.595	38881
271.893	38882
272.134	38883
272.596	38885
273.484	38889
273.550	38889
273.933	38891
274.143	38891
274.421	38893
274.478	38893
274.963	38895
275.103	38896
275.254	38896
275.614	38898
275.796	38899
276.034	38900
276.786	38904
277.215	38906
277.419	38907
277.954	38909
278.406	38911
278.675	38912
278.887	38913
279.094	38914
279.454	38916
279.666	38917
280.178	38918
280.507	38920
280.979	38921
280.996	38922
281.273	38923
281.467	38924
281.622	38924
281.900	38926
282.096	38927
282.145	38928
282.228	38928
282.575	38930
282.809	38931
283.004	38932
283.460	38933
283.535	38934
283.717	38935
283.928	38935
284.109	38936
284.512	38936
284.588	38937
284.989	38938
285.125	38938
285.637	38940
286.087	38942
286.324	38943
286.538	38944
286.865	38946
287.046	38947
287.254	38948
287.614	38949
287.856	38950
288.216	38952
288.484	38953
288.937	38954
289.174	38955
289.354	38955
290.266	38958
290.505	38959
290.765	38961
290.978	38962
291.215	38962
291.604	38965
291.856	38966
292.066	38967
292.239	38968
292.418	38969
292.635	38969
292.811	38970
293.224	38972
293.528	38973
294.043	38975
294.696	38978
294.858	38979
295.056	38979
295.357	38981
295.726	38983
295.876	38984
296.075	38985
296.197	38986
296.555	38987
296.734	38988
296.857	38989
297.247	38990
297.372	38991
297.518	38991
297.755	38992
298.117	38994
298.507	38996
299.140	39000
299.319	39001
299.653	39002
299.800	39002
300.695	39006
300.877	39007
301.717	39011
301.955	39012
302.194	39013
302.315	39013
302.770	39015
302.985	39016
303.188	39017
303.355	39018
304.015	39020
304.070	39022
304.244	39023
304.518	39024
304.838	39027
305.382	39030
305.840	39033
306.104	39035
307.479	39041
307.571	39041
307.811	39043
308.060	39044
308.197	39045
308.409	39046
308.679	39047
308.857	39048
308.974	39049
309.096	39050
309.375	39051
309.724	39053
309.846	39054
310.417	39057
310.691	39058
310.927	39060
311.047	39061
311.976	39066
312.544	39070
313.085	39073
313.234	39074
313.446	39075
313.676	39076
313.837	39077
314.077	39078
315.019	39083
315.573	39086
316.077	39088
316.312	39089
316.504	39090
316.777	39091
316.984	39091
317.314	39093
317.675	39094
317.825	39095
318.103	39096
318.516	39098
319.299	39102
319.764	39105
320.292	39106
320.727	39108
320.769	39109
320.954	39110
321.128	39111
321.409	39112
321.580	39114
322.293	39118
322.685	39120
323.075	39122
323.198	39123
323.375	39123
323.826	39126
324.218	39128
324.491	39129
324.933	39132
325.055	39132
325.203	39133
325.353	39134
325.536	39135
325.657	39135
326.045	39137
326.377	39139
326.975	39142
327.217	39144
327.393	39145
327.634	39146
327.967	39148
328.114	39149
328.208	39149
328.359	39150
328.478	39151
328.805	39152
329.110	39154
329.585	39156
329.824	39158
329.950	39159
330.194	39160
330.604	39162
330.787	39163
330.971	39164
331.455	39166
331.574	39167
331.838	39168
331.958	39169
332.167	39170
332.497	39172
332.674	39172
332.923	39174
333.201	39175
333.336	39176
333.546	39177
333.816	39178
334.124	39179
334.392	39180
334.920	39182
334.963	39182
335.123	39184
335.479	39185
335.976	39187
336.037	39188
336.108	39188
336.188	39189
336.437	39190
336.523	39191
337.657	39196
337.777	39197
338.194	39199
338.406	39200
338.644	39202
338.766	39202
338.925	39203
339.127	39204
339.458	39206
339.727	39207
339.915	39208
340.158	39210
340.264	39210
340.565	39212
340.747	39213
340.897	39214
341.081	39214
341.351	39216
341.615	39217
341.856	39218
341.934	39218
342.455	39221
342.852	39223
343.527	39226
343.747	39227
344.170	39229
344.416	39229
344.710	39231
344.944	39232
345.696	39235
345.864	39236
346.190	39237
346.879	39240
347.167	39242
347.404	39243
347.649	39244
347.854	39245
347.976	39245
348.585	39248
348.939	39249
349.730	39252
349.806	39253
350.408	39256
350.526	39256
350.708	39257
351.005	39258
351.371	39260
351.724	39261
352.027	39263
352.178	39263
352.358	39264
352.627	39265
352.866	39266
353.258	39268
353.317	39268
353.558	39269
353.830	39270
354.005	39271
354.187	39272
354.365	39273
354.576	39274
354.785	39274
354.965	39275
355.116	39276
355.387	39277
355.777	39279
356.036	39280
356.700	39282
357.213	39283
357.424	39284
358.255	39287
358.480	39290
358.644	39291
358.742	39292
358.818	39293
359.407	39296
359.645	39297
359.708	39297
359.830	39298
360.187	39300
360.499	39301
360.736	39302
360.967	39303
361.129	39304
361.718	39307
361.904	39308
362.111	39309
362.467	39311
362.735	39313
362.891	39314
363.077	39315
363.639	39317
364.760	39324
364.950	39325
365.446	39327
365.674	39329
365.826	39329
366.286	39331
366.549	39333
366.970	39335
367.277	39336
367.419	39337
368.104	39340
368.377	39341
368.555	39342
368.888	39343
369.224	39345
369.457	39346
370.465	39350
371.350	39355
371.604	39356
371.797	39357
372.038	39358
372.287	39359
372.765	39362
373.177	39364
374.204	39368
374.350	39369
374.560	39370
374.760	39371
375.717	39375
375.825	39375
376.025	39376
376.388	39377
376.460	39378
376.556	39379
376.839	39380
377.059	39380
377.325	39382
377.498	39383
378.102	39386
378.396	39388
378.758	39390
379.358	39393
379.745	39395
380.348	39397
380.469	39398
380.827	39399
381.158	39400
381.699	39401
382.025	39401
382.154	39402
382.689	39402
383.319	39403
383.950	39404
384.365	39404
384.520	39405
384.906	39405
385.110	39406
385.268	39406
385.686	39407
386.199	39407
386.439	39408
386.678	39408
386.937	39409
387.357	39409
387.670	39410
388.205	39410
388.359	39411
388.749	39411
389.195	39412
389.465	39413
389.712	39413
389.977	39414
390.103	39414
390.575	39415
390.846	39415
391.030	39416
391.386	39416
391.718	39417
392.017	39417
392.436	39418
392.506	39418
392.926	39419
393.216	39419
393.487	39420
393.725	39420
393.876	39421
394.032	39421
394.483	39423
394.838	39423
395.184	39424
396.496	39426
396.981	39427
397.326	39428
397.535	39428
397.808	39429
398.327	39430
399.548	39434
399.913	39435
400.386	39437
400.687	39437
400.988	39438
401.202	39439
401.471	39440
401.975	39441
402.399	39442
402.636	39443
402.848	39444
403.027	39444
403.208	39445
403.506	39446
403.716	39447
404.257	39449
404.467	39449
404.586	39450
404.861	39451
405.368	39452
406.027	39455
406.362	39456
406.539	39457
406.866	39458
407.023	39459
407.382	39460
407.646	39461
407.929	39462
409.119	39467
409.296	39468
409.448	39468
409.898	39470
410.678	39473
410.795	39474
411.008	39474
411.096	39475
411.185	39475
411.671	39477
412.420	39480
412.640	39481
413.047	39482
413.866	39486
414.969	39490
415.476	39492
415.959	39494
416.139	39494
416.619	39496
416.827	39497
417.126	39498
417.219	39498
417.364	39499
417.399	39499
417.819	39501
418.004	39501
418.120	39502
418.550	39503
418.776	39504
419.019	39505
419.168	39506
419.316	39507
419.528	39508
419.892	39509
420.396	39511
420.733	39513
420.973	39513
421.149	39514
421.779	39517
421.988	39518
422.169	39518
422.380	39519
422.557	39520
422.773	39521
423.006	39522
423.162	39522
423.279	39523
423.369	39523
423.476	39524
423.701	39525
424.273	39527
424.579	39528
424.807	39529
424.986	39529
426.011	39533
426.159	39534
426.521	39535
426.666	39536
426.763	39536
426.996	39537
427.370	39539
428.498	39543
428.620	39544
428.947	39545
429.157	39546
429.756	39548
430.028	39550
430.359	39551
430.509	39552
430.956	39554
431.173	39554
431.771	39557
432.080	39558
432.306	39559
432.547	39560
432.670	39561
432.786	39561
433.031	39562
433.247	39563
433.298	39563
433.477	39564
433.746	39565
434.257	39567
434.480	39568
434.680	39569
434.893	39570
435.369	39572
435.522	39572
435.756	39573
436.074	39574
436.123	39574
436.593	39575
436.780	39577
437.102	39578
437.268	39578
437.319	39579
437.570	39580
437.655	39580
438.010	39582
438.279	39583
439.211	39587
439.646	39588
439.758	39589
439.940	39590
440.179	39591
440.707	39593
440.934	39594
441.427	39596
441.936	39598
442.693	39601
443.109	39602
443.587	39604
444.019	39606
444.190	39607
444.611	39608
444.847	39609
445.060	39610
445.299	39611
445.883	39614
446.080	39615
446.318	39615
447.409	39620
447.612	39621
448.090	39623
448.540	39625
448.747	39625
448.958	39626
449.111	39627
449.619	39629
449.829	39630
450.253	39631
450.509	39632
450.937	39634
451.180	39635
451.480	39636
451.627	39637
451.959	39638
452.928	39642
453.098	39643
453.371	39644
453.709	39645
454.040	39647
454.458	39649
455.048	39651
455.230	39652
456.549	39657
457.122	39659
457.320	39660
457.512	39661
458.018	39663
458.305	39665
458.503	39666
458.679	39667
458.925	39668
459.136	39669
459.669	39671
460.361	39674
460.760	39676
460.988	39677
461.257	39678
461.476	39679
461.631	39679
462.010	39681
462.219	39682
462.881	39685
463.095	39686
463.390	39687
463.808	39689
464.350	39691
464.802	39693
465.278	39695
465.459	39695
465.513	39696
465.580	39696
465.951	39698
466.302	39699
467.030	39702
467.450	39703
467.827	39705
467.980	39706
468.131	39706
468.313	39707
468.548	39708
468.797	39709
469.031	39710
469.300	39711
469.443	39711
469.568	39712
469.759	39713
469.897	39713
470.138	39714
470.377	39715
470.560	39716
471.037	39718
471.373	39719
471.461	39720
471.670	39720
471.970	39722
472.239	39723
472.392	39723
472.480	39724
472.721	39725
472.993	39726
473.177	39726
473.384	39727
473.649	39728
474.250	39731
474.429	39732
474.587	39733
474.730	39733
474.852	39734
475.147	39735
475.538	39737
475.688	39737
475.953	39738
476.536	39741
476.755	39741
476.953	39742
477.254	39743
477.378	39744
477.961	39745
478.680	39749
478.821	39750
479.064	39751
479.603	39751
479.624	39752
479.636	39752
479.771	39754
480.040	39755
480.222	39756
480.489	39757
480.788	39758
481.125	39760
481.360	39761
481.623	39762
481.821	39763
481.939	39763
482.214	39765
482.471	39766
482.679	39767
483.130	39768
483.281	39769
483.518	39770
484.088	39772
484.329	39773
484.967	39776
485.651	39779
485.859	39780
485.962	39780
486.232	39781
486.578	39783
486.818	39784
487.630	39787
488.228	39789
488.487	39790
488.652	39791
488.859	39791
489.220	39793
489.731	39795
490.041	39796
490.334	39797
490.630	39798
490.752	39798
490.902	39799
491.202	39800
491.773	39802
492.491	39805
493.107	39807
493.367	39808
493.511	39809
493.907	39811
494.050	39811
494.288	39812
494.829	39814
494.982	39815
495.361	39816
495.493	39817
495.999	39818
496.185	39820
496.328	39820
496.461	39821
496.802	39822
497.366	39824
497.533	39825
498.124	39827
498.582	39829
499.031	39831
499.585	39833
500.258	39836
500.498	39837
500.741	39838
500.937	39839
501.069	39839
501.160	39840
501.731	39842
501.848	39843
502.032	39844
502.148	39844
502.511	39846
502.849	39847
502.942	39847
503.083	39848
503.531	39850
503.738	39850
504.256	39852
504.697	39854
504.790	39854
505.121	39855
505.321	39856
505.455	39857
505.726	39858
505.928	39859
506.095	39859
506.291	39860
506.534	39861
506.773	39862
507.254	39864
507.374	39865
508.152	39868
508.270	39868
508.451	39869
508.568	39869
508.808	39870
509.471	39873
509.651	39873
510.128	39875
510.654	39877
510.827	39877
511.361	39879
511.878	39881
512.020	39882
512.299	39883
512.765	39884
512.893	39885
513.237	39886
513.820	39888
514.055	39889
514.069	39889
514.226	39890
514.406	39890
514.486	39891
514.691	39891
514.783	39892
514.991	39892
515.177	39893
515.412	39894
515.803	39895
515.931	39896
516.244	39897
516.408	39897
516.998	39899
517.474	39900
517.612	39901
518.009	39901
518.164	39902
518.349	39903
518.785	39904
519.049	39904
519.219	39905
519.457	39906
519.678	39906
520.030	39907
520.412	39908
520.754	39910
521.294	39911
521.526	39912
521.650	39912
521.935	39913
522.099	39914
522.396	39914
522.646	39915
522.883	39916
523.320	39917
523.536	39918
523.786	39919
524.112	39920
524.467	39921
524.682	39922
524.864	39923
525.393	39925
525.490	39925
525.789	39926
525.952	39927
526.328	39928
526.423	39929
526.778	39930
526.873	39931
527.502	39933
527.768	39934
527.982	39935
528.310	39936
528.886	39938
529.119	39939
529.301	39939
530.047	39942
530.527	39943
530.954	39944
531.158	39945
531.489	39946
531.956	39947
532.186	39947
532.844	39949
533.055	39949
533.554	39950
533.742	39951
534.046	39951
534.373	39952
534.492	39952
535.208	39953
535.379	39953
535.917	39954
536.019	39955
536.353	39955
536.657	39956
536.982	39957
537.224	39957
537.457	39958
537.674	39959
537.883	39959
538.334	39960
538.720	39961
538.876	39962
539.293	39963
539.469	39964
539.677	39964
540.312	39966
540.547	39967
540.791	39968
541.032	39969
541.299	39970
541.429	39970
541.688	39971
541.876	39972
542.110	39972
542.350	39973
542.472	39974
542.557	39974
542.977	39975
543.191	39976
543.398	39977
543.882	39978
544.067	39979
544.270	39979
544.550	39980
544.720	39981
544.929	39982
545.082	39982
545.678	39984
545.951	39985
546.073	39985
546.218	39986
546.578	39987
546.730	39988
547.120	39989
547.270	39989
547.562	39990
547.809	39991
548.891	39995
549.357	39996
549.850	39998
550.066	39998
550.389	39999
550.660	40000
550.898	40001
551.384	40002
551.498	40003
551.756	40003
552.077	40005
552.195	40005
552.431	40006
552.733	40007
552.971	40008
553.153	40008
553.450	40009
554.231	40012
555.190	40016
555.410	40016
555.491	40017
555.646	40017
555.818	40018
556.238	40019
556.419	40020
556.598	40021
556.778	40021
557.017	40022
557.215	40023
557.295	40023
558.645	40027
559.002	40029
559.177	40029
559.420	40030
559.872	40031
559.907	40032
560.200	40033
560.439	40033
560.712	40034
560.839	40035
561.347	40036
561.410	40036
561.579	40037
561.823	40038
562.090	40039
562.329	40040
562.419	40040
563.529	40044
564.020	40046
564.095	40046
564.591	40048
565.233	40050
565.364	40051
565.440	40051
565.639	40052
565.998	40053
566.086	40053
566.201	40054
566.468	40055
566.859	40056
566.953	40057
567.082	40057
567.225	40058
567.611	40060
568.033	40061
568.153	40061
568.419	40063
568.661	40063
569.326	40066
569.709	40067
569.928	40068
570.130	40068
570.413	40069
570.638	40070
570.821	40071
571.211	40072
571.513	40073
571.693	40074
571.847	40074
571.964	40075
572.231	40076
572.509	40077
572.650	40077
572.860	40078
573.373	40080
573.788	40082
573.927	40082
574.130	40083
574.251	40084
574.654	40085
574.809	40086
575.233	40087
575.751	40089
575.852	40089
576.014	40090
576.310	40091
576.521	40092
576.788	40093
576.956	40094
577.164	40094
577.299	40095
577.453	40096
577.662	40096
577.871	40097
578.017	40098
578.113	40098
578.289	40099
579.102	40101
580.072	40104
580.354	40105
580.440	40105
580.565	40106
580.643	40107
580.811	40108
581.186	40109
581.328	40109
581.524	40110
581.741	40111
581.838	40111
581.970	40112
582.255	40113
582.469	40114
582.678	40115
583.209	40117
583.298	40117
583.512	40118
583.842	40119
583.960	40119
584.084	40120
584.232	40120
584.499	40121
584.800	40122
585.045	40123
585.374	40124
585.623	40125
586.328	40127
586.508	40128
586.810	40129
587.035	40130
587.329	40131
587.594	40132
587.860	40133
588.100	40134
588.249	40134
588.728	40136
588.888	40136
589.095	40137
589.903	40140
590.183	40141
590.267	40141
591.159	40144
591.458	40145
591.961	40147
592.148	40147
592.783	40149
592.990	40150
593.172	40151
593.321	40152
593.468	40152
593.901	40154
594.039	40154
594.384	40155
594.739	40157
595.036	40158
595.498	40160
595.720	40161
596.059	40162
596.102	40162
596.295	40164
596.570	40165
596.992	40167
597.379	40168
597.792	40170
597.940	40170
598.160	40171
598.388	40172
598.556	40173
598.840	40174
599.050	40175
599.297	40175
599.378	40176
599.572	40177
599.711	40177
600.429	40180
600.881	40181
601.030	40182
601.124	40182
601.634	40184
601.993	40186
602.231	40187
602.650	40188
602.954	40189
603.252	40190
603.971	40193
604.391	40195
604.515	40195
604.648	40196
604.870	40196
605.216	40197
605.345	40198
605.502	40198
605.970	40200
606.463	40202
606.698	40202
606.944	40203
607.180	40204
607.727	40206
607.901	40206
608.053	40207
608.248	40207
608.892	40210
609.162	40211
609.578	40212
610.059	40214
610.991	40217
611.171	40218
612.073	40221
612.252	40221
612.550	40222
612.849	40223
613.600	40226
613.784	40227
613.906	40227
614.171	40228
614.319	40229
615.762	40233
616.074	40235
617.347	40238
617.854	40241
618.135	40242
618.208	40243
618.293	40243
618.435	40244
618.567	40244
618.699	40245
618.852	40245
619.214	40246
619.692	40248
620.111	40249
620.263	40250
620.800	40251
621.099	40252
621.314	40253
621.523	40253
622.189	40255
622.554	40257
622.971	40258
623.299	40259
623.502	40260
623.773	40261
623.922	40262
624.190	40263
624.434	40264
624.524	40264
624.789	40265
625.399	40267
625.785	40268
625.994	40269
626.498	40271
626.804	40271
627.341	40273
627.670	40274
627.793	40275
627.999	40275
628.273	40276
628.573	40277
628.854	40278
630.314	40283
630.503	40283
630.669	40284
630.929	40285
631.093	40286
631.712	40286
634.679	40289
636.382	40303
638.471	40306
638.834	40312
639.214	40312
639.502	40315
639.674	40315
639.768	40316
639.915	40316
640.361	40318
640.574	40318
640.827	40319
640.967	40320
641.062	40320
641.530	40322
641.761	40323
642.253	40325
642.324	40325
642.482	40326
642.796	40327
642.980	40328
643.097	40328
643.992	40331
644.086	40332
644.462	40333
644.680	40334
644.945	40335
645.193	40336
645.440	40337
645.976	40339
646.403	40341
646.752	40342
646.865	40342
647.301	40344
647.834	40345
648.011	40346
648.429	40347
648.684	40348
648.832	40348
648.926	40349
649.426	40350
649.665	40351
650.216	40352
650.450	40353
650.620	40354
651.019	40355
651.111	40356
651.858	40359
652.121	40360
652.304	40360
652.543	40361
652.987	40363
653.145	40363
653.643	40365
653.947	40366
654.117	40367
654.431	40368
654.772	40369
655.067	40370
655.652	40371
655.931	40373
656.117	40373
656.232	40374
656.411	40375
656.654	40376
656.864	40376
657.045	40377
657.582	40379
657.704	40379
658.212	40381
658.633	40382
659.086	40384
659.581	40386
659.775	40387
659.951	40387
660.623	40390
660.790	40391
660.945	40391
661.120	40392
661.184	40392
661.341	40393
661.587	40394
661.751	40395
661.935	40395
662.113	40396
662.421	40397
662.562	40398
662.771	40399
663.012	40400
663.370	40401
664.062	40404
664.575	40406
664.872	40407
665.202	40409
665.290	40409
665.596	40410
665.770	40411
665.902	40412
666.102	40412
666.258	40413
667.065	40417
667.300	40418
667.546	40419
667.776	40420
667.873	40420
668.021	40421
668.323	40422
668.620	40424
669.355	40427
669.584	40428
670.212	40431
670.549	40432
671.021	40434
671.352	40436
671.532	40436
671.711	40437
672.073	40439
672.192	40439
672.402	40440
672.641	40441
672.885	40442
673.777	40446
673.875	40447
674.307	40448
674.704	40449
675.700	40454
676.167	40455
676.694	40458
677.137	40459
677.453	40461
677.778	40462
678.163	40464
678.354	40465
678.780	40467
679.214	40468
679.362	40469
679.663	40470
679.993	40472
680.323	40473
681.103	40477
681.322	40478
681.471	40478
681.650	40479
682.063	40481
682.514	40483
682.812	40485
682.940	40485
683.474	40488
683.620	40488
683.899	40490
684.307	40492
684.610	40493
684.851	40495
685.072	40496
685.330	40497
685.489	40498
685.856	40500
685.993	40500
686.200	40502
686.532	40503
686.802	40504
687.437	40508
687.943	40510
688.092	40511
688.782	40515
688.962	40515
689.109	40516
689.566	40519
689.712	40519
689.952	40521
690.202	40522
690.492	40524
690.671	40524
690.799	40525
691.033	40526
691.182	40527
691.390	40528
691.780	40531
692.517	40533
693.022	40536
693.175	40537
693.449	40539
693.580	40540
693.764	40541
694.312	40544
694.638	40545
694.724	40546
695.174	40548
695.566	40550
696.223	40553
696.430	40554
696.884	40556
697.483	40559
697.690	40560
698.277	40562
698.686	40564
699.519	40568
699.824	40569
699.999	40570
700.252	40571
700.453	40572
701.149	40575
701.233	40575
701.593	40577
702.703	40582
703.330	40584
703.754	40586
703.932	40587
704.230	40588
704.414	40589
704.922	40591
705.063	40592
705.349	40593
706.270	40597
706.971	40600
707.381	40602
707.801	40604
707.860	40604
707.983	40605
708.349	40606
708.895	40609
709.212	40611
709.842	40613
710.122	40615
710.369	40616
710.982	40619
711.228	40620
711.851	40623
712.180	40624
712.572	40626
712.820	40627
713.260	40629
713.833	40631
714.163	40633
715.210	40637
715.483	40639
715.693	40639
715.844	40640
716.203	40642
716.447	40643
716.561	40643
716.802	40644
716.900	40645
717.073	40646
717.254	40646
717.463	40647
717.855	40648
718.183	40650
718.452	40651
718.604	40651
718.725	40652
719.200	40654
719.279	40654
719.411	40655
720.133	40658
720.510	40659
721.150	40662
721.483	40663
721.751	40665
721.996	40666
722.107	40666
722.308	40667
722.609	40667
723.240	40671
723.341	40671
723.496	40672
723.701	40673
723.893	40674
725.088	40678
725.674	40681
725.790	40681
725.934	40682
726.103	40683
726.529	40684
727.061	40686
727.215	40687
727.567	40688
727.692	40689
728.031	40690
728.120	40690
728.275	40691
728.449	40692
728.656	40692
728.781	40693
728.922	40693
729.252	40695
729.400	40695
729.701	40696
729.891	40697
730.121	40698
730.214	40699
730.513	40700
730.702	40701
731.112	40702
731.538	40704
731.771	40705
732.013	40706
732.975	40710
733.403	40712
733.514	40713
733.672	40713
733.858	40714
734.025	40715
734.582	40717
735.172	40719
735.283	40720
735.586	40721
735.765	40722
735.943	40722
736.092	40723
736.910	40726
737.196	40727
737.353	40728
737.803	40729
737.910	40730
738.131	40731
738.670	40733
738.972	40734
739.638	40737
739.750	40737
740.181	40739
740.536	40739
740.797	40741
740.940	40741
741.081	40742
741.663	40744
741.782	40745
741.923	40745
742.343	40747
742.912	40749
743.085	40750
743.338	40750
743.474	40751
743.657	40752
743.837	40752
744.440	40755
744.713	40756
744.916	40757
745.331	40759
745.568	40760
745.817	40761
746.120	40763
746.484	40765
746.895	40767
747.076	40767
747.433	40769
747.525	40770
747.730	40770
748.274	40773
748.481	40774
749.024	40776
749.152	40777
749.454	40778
749.835	40780
750.224	40781
750.386	40782
750.432	40782
750.582	40783
750.825	40784
751.222	40786
751.421	40787
751.661	40788
751.878	40789
752.024	40789
752.181	40790
752.291	40790
753.557	40795
753.899	40797
753.971	40797
754.151	40798
754.335	40799
754.828	40801
754.981	40801
755.954	40805
756.193	40806
756.676	40808
757.094	40810
757.339	40811
757.488	40811
758.382	40815
758.591	40815
758.775	40816
758.963	40817
759.146	40817
759.292	40818
759.503	40819
760.246	40821
760.428	40822
760.654	40823
761.111	40825
761.835	40827
762.031	40827
762.403	40828
762.643	40829
763.032	40830
763.604	40832
763.785	40832
763.974	40833
764.100	40833
764.427	40834
764.624	40835
764.922	40836
765.187	40836
766.277	40839
766.451	40839
766.780	40840
767.050	40840
767.229	40841
767.593	40841
767.951	40842
768.015	40843
768.311	40843
768.571	40844
768.777	40844
769.033	40845
769.284	40845
769.330	40846
769.691	40846
769.781	40847
770.112	40847
770.266	40848
770.469	40848
770.853	40849
771.137	40850
771.642	40851
771.852	40852
772.134	40853
772.389	40853
772.785	40854
772.900	40855
773.053	40855
773.409	40856
775.184	40862
775.924	40864
776.093	40864
776.321	40865
776.800	40866
776.955	40866
777.129	40867
777.615	40867
778.214	40868
781.424	40868
781.697	40869
788.839	40869
