Version	2	Start	1459535196.169
Time	Valor
V	185	Dist (Km)
0.420	0
7.409	0
7.590	1
52.446	1
53.222	2
57.572	2
57.812	3
60.605	3
61.080	4
65.119	4
65.671	5
68.287	5
68.824	6
71.705	6
71.941	7
74.645	7
74.887	8
77.257	8
78.305	9
80.435	9
80.974	10
83.552	10
83.703	11
86.074	11
86.716	12
88.322	12
88.685	13
90.635	13
91.241	14
93.137	14
93.231	15
95.403	15
95.852	16
97.537	16
97.831	17
99.672	17
100.775	18
102.775	18
104.080	19
105.467	19
105.636	20
107.857	20
108.064	21
110.078	21
110.556	22
112.442	22
112.754	23
114.514	23
114.757	24
116.406	24
116.917	25
118.966	25
119.102	26
121.321	26
121.423	27
123.156	27
123.813	28
125.701	28
126.094	29
127.881	29
128.765	30
130.177	30
130.596	31
131.649	31
132.632	32
134.795	32
135.786	33
136.660	33
137.168	34
138.845	34
139.116	35
141.156	35
141.918	36
143.676	36
143.796	37
145.926	37
146.103	38
147.723	38
148.294	39
150.306	39
150.490	40
152.831	40
152.953	41
155.001	41
155.193	42
156.912	42
157.325	43
158.976	43
159.336	44
160.776	44
161.529	45
163.657	45
163.776	46
165.507	46
166.157	47
168.096	47
168.275	48
170.289	48
170.527	49
172.609	49
173.053	50
174.450	50
175.448	51
176.737	51
177.963	52
178.657	52
179.788	53
180.457	53
181.515	54
183.666	54
184.338	55
185.969	55
187.835	56
189.004	56
189.381	57
191.489	57
191.646	58
193.477	58
194.345	59
196.553	59
196.984	60
199.412	60
199.871	61
202.114	61
202.216	62
204.367	62
204.636	63
207.184	63
207.785	64
209.646	64
209.959	65
211.914	65
212.704	66
215.405	66
216.878	67
217.534	67
217.809	68
219.877	68
219.965	69
221.824	69
222.363	70
224.169	70
224.436	71
226.087	71
226.407	72
228.444	72
228.913	73
230.644	73
230.827	74
232.537	74
232.952	75
234.919	75
235.175	76
236.856	76
237.914	77
239.224	77
239.936	78
241.566	78
242.062	79
243.575	79
243.945	80
245.965	80
246.068	81
247.965	81
248.833	82
250.325	82
250.567	83
252.334	83
252.818	84
254.316	84
254.527	85
256.355	85
256.539	86
258.635	86
258.876	87
260.737	87
261.575	88
263.272	88
263.403	89
265.242	89
266.060	90
267.939	90
268.208	91
270.523	91
270.725	92
272.596	92
273.485	93
275.257	93
275.616	94
277.419	94
277.955	95
279.667	95
280.178	96
282.097	96
282.146	97
284.589	97
284.989	98
287.047	98
287.255	99
289.805	99
290.267	100
292.068	100
292.240	101
294.067	101
294.697	102
296.556	102
296.736	103
298.508	103
299.166	104
300.879	104
301.718	105
303.188	105
303.355	106
304.839	106
305.227	107
306.105	107
307.480	108
308.679	108
308.857	109
310.417	109
310.691	110
311.977	110
312.545	111
313.838	111
314.079	112
315.695	112
316.079	113
318.104	113
318.517	114
320.293	114
320.728	115
321.826	115
322.295	116
324.080	116
324.219	117
326.046	117
326.378	118
327.635	118
327.968	119
329.587	119
329.854	120
331.574	120
331.838	121
333.546	121
333.817	122
335.977	122
336.038	123
337.779	123
338.196	124
339.728	124
339.916	125
341.616	125
341.857	126
343.751	126
344.170	127
346.192	127
346.880	128
347.977	128
348.585	129
350.708	129
351.006	130
352.866	130
353.259	131
355.387	131
355.778	132
358.300	132
358.482	133
359.709	133
359.855	134
361.718	134
361.904	135
363.640	135
364.760	136
364.951	136
365.676	137
367.420	137
368.170	138
369.458	138
370.466	139
371.797	139
372.040	140
374.025	140
374.205	141
376.389	141
376.461	142
378.125	142
378.397	143
380.348	143
380.469	144
386.199	144
386.440	145
392.019	145
392.441	146
396.982	146
397.328	147
400.687	147
400.989	148
403.507	148
404.258	149
406.540	149
406.868	150
409.120	150
409.298	151
411.672	151
412.421	152
413.868	152
415.477	153
416.827	153
417.126	154
419.357	154
419.528	155
421.780	155
421.989	156
424.274	156
424.581	157
426.997	157
427.371	158
429.157	158
429.758	159
430.957	159
432.097	160
433.748	160
434.481	161
436.782	161
437.108	162
439.239	162
439.647	163
441.428	163
441.938	164
444.397	164
444.612	165
446.318	165
447.189	166
449.112	166
449.620	167
451.628	167
451.959	168
454.040	168
454.459	169
456.550	169
457.123	170
458.681	170
458.926	171
460.989	171
461.258	172
463.390	172
463.809	173
465.580	173
465.952	174
468.315	174
468.549	175
470.560	175
471.038	176
473.385	176
473.649	177
475.689	177
475.954	178
478.399	178
478.680	179
480.490	179
480.789	180
482.679	180
483.132	181
485.227	181
485.651	182
487.631	182
488.232	183
490.335	183
490.631	184
493.108	184
493.369	185
495.494	185
496.000	186
498.125	186
498.582	187
500.500	187
500.742	188
502.942	188
503.533	189
505.456	189
505.727	190
507.375	190
508.152	191
510.827	191
511.362	192
513.591	192
513.822	193
516.409	193
516.999	194
520.031	194
520.412	195
523.328	195
523.538	196
525.970	196
526.329	197
528.310	197
528.887	198
532.187	198
532.844	199
537.225	199
537.458	200
540.549	200
540.792	201
543.579	201
543.884	202
546.579	202
546.731	203
549.357	203
549.851	204
552.734	204
552.972	205
555.650	205
555.819	206
558.649	206
559.002	207
561.580	207
561.823	208
564.234	208
564.619	209
567.030	209
567.227	210
569.803	210
569.929	211
572.651	211
572.862	212
574.810	212
575.753	213
577.871	213
578.019	214
580.644	214
580.813	215
583.300	215
583.512	216
586.329	216
586.509	217
589.096	217
589.903	218
592.150	218
592.784	219
594.740	219
594.851	220
596.992	220
597.383	221
599.711	221
600.431	222
602.232	222
602.651	223
605.218	223
605.345	224
608.249	224
608.892	225
610.992	225
611.173	226
613.907	226
614.172	227
616.075	227
617.351	228
619.489	228
619.692	229
622.555	229
622.975	230
625.574	230
625.664	231
628.574	231
628.855	232
631.731	232
634.691	233
636.548	234
638.472	234
638.835	235
639.915	235
640.363	236
642.802	236
642.981	237
645.441	237
645.977	238
648.431	238
648.686	239
651.729	239
651.860	240
654.118	240
654.432	241
657.048	241
657.583	242
659.952	242
660.623	243
662.422	243
662.563	244
664.873	244
665.032	245
667.065	245
667.301	246
669.355	246
669.584	247
671.712	247
672.074	248
673.877	248
674.308	249
676.169	249
676.696	250
679.002	250
679.215	251
681.103	251
681.323	252
682.940	252
683.475	253
685.330	253
685.490	254
686.811	254
687.439	255
689.140	255
689.567	256
691.183	256
691.393	257
693.176	257
693.451	258
694.943	258
695.175	259
696.884	259
697.484	260
698.531	260
699.521	261
701.593	261
701.832	262
703.933	262
704.231	263
706.271	263
706.972	264
708.350	264
708.920	265
710.370	265
710.983	266
712.821	266
713.261	267
715.211	267
715.509	268
717.463	268
718.184	269
719.412	269
720.133	270
722.397	270
723.241	271
724.424	271
725.094	272
727.217	272
727.567	273
729.702	273
730.123	274
732.014	274
732.976	275
734.584	275
735.173	276
737.197	276
737.353	277
739.750	277
739.994	278
742.343	278
742.913	279
744.917	279
745.333	280
746.895	280
747.434	281
749.153	281
749.455	282
751.423	282
751.691	283
753.972	283
754.153	284
756.194	284
756.676	285
759.147	285
759.296	286
762.032	286
762.404	287
765.187	287
766.279	288
770.112	288
770.266	289
773.410	289
774.521	290
777.616	290
778.123	291
788.563	291
